0 32 32
Attempting to advance to 1.000000 of the step
[0.]
Iter	nR		nR/nR0
0	6.57e+03
1	8.01e+02	1.22e-01
2	4.63e+00	7.05e-04
3	6.56e-01	9.98e-05
4	1.00e-02	1.52e-06
5	2.01e-06	3.06e-10

Iter	nR		nR/nR0
0	6.57e+03
1	8.01e+02	1.22e-01
2	4.63e+00	7.05e-04
3	6.56e-01	9.98e-05
4	1.00e-02	1.52e-06
5	2.01e-06	3.06e-10

Iter	nR		nR/nR0
0	5.08e+03
[-136.01460244]
Iter	nR		nR/nR0
0	2.85e+03
1	5.13e+01	1.80e-02
2	5.18e+01	1.82e-02
3	4.52e+01	1.58e-02
4	4.05e+01	1.42e-02
5	3.73e+00	1.31e-03
6	1.23e+00	4.31e-04
7	4.57e-02	1.60e-05
8	1.03e-04	3.60e-08

Iter	nR		nR/nR0
0	2.85e+03
1	5.13e+01	1.80e-02
2	5.18e+01	1.82e-02
3	4.52e+01	1.58e-02
4	4.05e+01	1.42e-02
5	3.73e+00	1.31e-03
6	1.23e+00	4.31e-04
7	4.57e-02	1.60e-05
8	1.03e-04	3.59e-08

1	1.21e+04	2.38e+00
[81.50542013]
Iter	nR		nR/nR0
0	4.55e+03
1	4.66e+00	1.02e-03
2	1.75e-01	3.83e-05
3	4.16e-04	9.14e-08

Iter	nR		nR/nR0
0	4.55e+03
1	4.66e+00	1.02e-03
2	1.75e-01	3.83e-05
3	4.16e-04	9.14e-08

2	7.85e+03	1.54e+00
[-167.90356603]
Iter	nR		nR/nR0
0	5.25e+03
1	4.76e+01	9.08e-03
2	2.48e+01	4.73e-03
3	7.75e+00	1.48e-03
4	2.50e+00	4.76e-04
5	1.26e-01	2.41e-05
6	5.09e-04	9.70e-08

Iter	nR		nR/nR0
0	5.25e+03
1	4.76e+01	9.08e-03
2	2.48e+01	4.73e-03
3	7.75e+00	1.48e-03
4	2.50e+00	4.76e-04
5	1.26e-01	2.41e-05
6	5.09e-04	9.70e-08

3	1.37e+04	2.69e+00
[146.21082707]
Iter	nR		nR/nR0
0	6.60e+03
1	2.44e+00	3.70e-04
2	2.51e-02	3.81e-06
3	6.17e-06	9.35e-10

Iter	nR		nR/nR0
0	6.60e+03
1	2.44e+00	3.70e-04
2	2.51e-02	3.81e-06
3	6.17e-06	9.35e-10

4	9.81e+03	1.93e+00
[-188.06945705]
Iter	nR		nR/nR0
0	7.04e+03
1	4.54e+01	6.45e-03
2	1.81e+01	2.58e-03
3	3.31e+00	4.71e-04
4	4.49e-01	6.38e-05
5	4.65e-03	6.61e-07

Iter	nR		nR/nR0
0	7.04e+03
1	4.54e+01	6.45e-03
2	1.81e+01	2.58e-03
3	3.31e+00	4.71e-04
4	4.49e-01	6.38e-05
5	4.65e-03	6.61e-07

5	1.45e+04	2.85e+00
[178.11200481]
Iter	nR		nR/nR0
0	7.70e+03
1	1.51e+00	1.95e-04
2	4.77e-03	6.19e-07

Iter	nR		nR/nR0
0	7.70e+03
1	1.51e+00	1.95e-04
2	4.77e-03	6.19e-07

6	1.07e+04	2.11e+00
[-196.67555998]
Iter	nR		nR/nR0
0	7.89e+03
1	4.45e+01	5.63e-03
2	1.63e+01	2.06e-03
3	2.55e+00	3.23e-04
4	2.40e-01	3.04e-05
5	1.29e-03	1.64e-07

Iter	nR		nR/nR0
0	7.89e+03
1	4.45e+01	5.63e-03
2	1.63e+01	2.06e-03
3	2.55e+00	3.23e-04
4	2.40e-01	3.04e-05
5	1.29e-03	1.64e-07

7	1.48e+04	2.92e+00
[190.14861149]
Iter	nR		nR/nR0
0	8.14e+03
1	1.23e+00	1.51e-04
2	1.54e-03	1.89e-07

Iter	nR		nR/nR0
0	8.14e+03
1	1.23e+00	1.51e-04
2	1.54e-03	1.89e-07

8	1.11e+04	2.18e+00
[-199.67423508]
Iter	nR		nR/nR0
0	8.21e+03
1	4.41e+01	5.37e-03
2	1.57e+01	1.91e-03
3	2.34e+00	2.85e-04
4	1.95e-01	2.37e-05
5	8.42e-04	1.03e-07

Iter	nR		nR/nR0
0	8.21e+03
1	4.41e+01	5.37e-03
2	1.57e+01	1.91e-03
3	2.34e+00	2.85e-04
4	1.95e-01	2.37e-05
5	8.42e-04	1.03e-07

9	1.49e+04	2.94e+00
[194.17541979]
Iter	nR		nR/nR0
0	8.29e+03
1	1.16e+00	1.40e-04
2	8.84e-04	1.07e-07

Iter	nR		nR/nR0
0	8.29e+03
1	1.16e+00	1.40e-04
2	8.84e-04	1.07e-07

10	1.12e+04	2.20e+00
Solve failed, reducing load increment to 0.500000
0 16 32
Attempting to advance to 0.500000 of the step
[0.]
Iter	nR		nR/nR0
0	8.69e+03
1	3.33e+01	3.83e-03
2	6.62e+01	7.61e-03
3	4.86e+01	5.59e-03
4	7.20e+01	8.29e-03
5	6.18e+01	7.11e-03
6	7.06e+01	8.12e-03
7	6.20e+01	7.14e-03
8	7.05e+01	8.12e-03
9	6.20e+01	7.14e-03
10	7.05e+01	8.12e-03
11	6.20e+01	7.14e-03
12	7.05e+01	8.12e-03
13	6.20e+01	7.14e-03
14	7.05e+01	8.12e-03
15	6.20e+01	7.14e-03
16	7.05e+01	8.12e-03
17	6.20e+01	7.14e-03
18	7.05e+01	8.12e-03
19	6.20e+01	7.14e-03
20	7.05e+01	8.12e-03
21	6.20e+01	7.14e-03
22	7.05e+01	8.12e-03
23	6.20e+01	7.14e-03
24	7.05e+01	8.12e-03
25	6.20e+01	7.14e-03
26	7.05e+01	8.12e-03
27	6.20e+01	7.14e-03
28	7.05e+01	8.12e-03
29	6.20e+01	7.14e-03
30	7.05e+01	8.12e-03
31	6.20e+01	7.14e-03
32	7.05e+01	8.12e-03
33	6.20e+01	7.14e-03
34	7.05e+01	8.12e-03
35	6.20e+01	7.14e-03
36	7.05e+01	8.12e-03
37	6.20e+01	7.14e-03
38	7.05e+01	8.12e-03
39	6.20e+01	7.14e-03
40	7.05e+01	8.12e-03
41	6.20e+01	7.14e-03
42	7.05e+01	8.12e-03
43	6.20e+01	7.14e-03
44	7.05e+01	8.12e-03
45	6.20e+01	7.14e-03
46	7.05e+01	8.12e-03
47	6.20e+01	7.14e-03
48	7.05e+01	8.12e-03
49	6.20e+01	7.14e-03
50	7.05e+01	8.12e-03
Solve failed, reducing load increment to 0.250000
0 8 32
Attempting to advance to 0.250000 of the step
[0.]
Iter	nR		nR/nR0
0	1.78e+03
1	6.15e+01	3.44e-02
2	6.72e+01	3.76e-02
3	6.31e+01	3.54e-02
4	6.71e+01	3.76e-02
5	6.31e+01	3.54e-02
6	6.71e+01	3.76e-02
7	6.31e+01	3.54e-02
8	6.71e+01	3.76e-02
9	6.31e+01	3.54e-02
10	6.71e+01	3.76e-02
11	6.31e+01	3.54e-02
12	6.71e+01	3.76e-02
13	6.31e+01	3.54e-02
14	6.71e+01	3.76e-02
15	6.31e+01	3.54e-02
16	6.71e+01	3.76e-02
17	6.31e+01	3.54e-02
18	6.71e+01	3.76e-02
19	6.31e+01	3.54e-02
20	6.71e+01	3.76e-02
21	6.31e+01	3.54e-02
22	6.71e+01	3.76e-02
23	6.31e+01	3.54e-02
24	6.71e+01	3.76e-02
25	6.31e+01	3.54e-02
26	6.71e+01	3.76e-02
27	6.31e+01	3.54e-02
28	6.71e+01	3.76e-02
29	6.31e+01	3.54e-02
30	6.71e+01	3.76e-02
31	6.31e+01	3.54e-02
32	6.71e+01	3.76e-02
33	6.31e+01	3.54e-02
34	6.71e+01	3.76e-02
35	6.31e+01	3.54e-02
36	6.71e+01	3.76e-02
37	6.31e+01	3.54e-02
38	6.71e+01	3.76e-02
39	6.31e+01	3.54e-02
40	6.71e+01	3.76e-02
41	6.31e+01	3.54e-02
42	6.71e+01	3.76e-02
43	6.31e+01	3.54e-02
44	6.71e+01	3.76e-02
45	6.31e+01	3.54e-02
46	6.71e+01	3.76e-02
47	6.31e+01	3.54e-02
48	6.71e+01	3.76e-02
49	6.31e+01	3.54e-02
50	6.71e+01	3.76e-02
Solve failed, reducing load increment to 0.125000
0 4 32
Attempting to advance to 0.125000 of the step
[0.]
Iter	nR		nR/nR0
0	8.26e+02
1	6.31e+01	7.63e-02
2	6.60e+01	7.99e-02
3	6.41e+01	7.76e-02
4	6.60e+01	7.99e-02
5	6.41e+01	7.76e-02
6	6.60e+01	7.99e-02
7	6.41e+01	7.76e-02
8	6.60e+01	7.99e-02
9	6.41e+01	7.76e-02
10	6.60e+01	7.99e-02
11	6.41e+01	7.76e-02
12	6.60e+01	7.99e-02
13	6.41e+01	7.76e-02
14	6.60e+01	7.99e-02
15	6.41e+01	7.76e-02
16	6.60e+01	7.99e-02
17	6.41e+01	7.76e-02
18	6.60e+01	7.99e-02
19	6.41e+01	7.76e-02
20	6.60e+01	7.99e-02
21	6.41e+01	7.76e-02
22	6.60e+01	7.99e-02
23	6.41e+01	7.76e-02
24	6.60e+01	7.99e-02
25	6.41e+01	7.76e-02
26	6.60e+01	7.99e-02
27	6.41e+01	7.76e-02
28	6.60e+01	7.99e-02
29	6.41e+01	7.76e-02
30	6.60e+01	7.99e-02
31	6.41e+01	7.76e-02
32	6.60e+01	7.99e-02
33	6.41e+01	7.76e-02
34	6.60e+01	7.99e-02
35	6.41e+01	7.76e-02
36	6.60e+01	7.99e-02
37	6.41e+01	7.76e-02
38	6.60e+01	7.99e-02
39	6.41e+01	7.76e-02
40	6.60e+01	7.99e-02
41	6.41e+01	7.76e-02
42	6.60e+01	7.99e-02
43	6.41e+01	7.76e-02
44	6.60e+01	7.99e-02
45	6.41e+01	7.76e-02
46	6.60e+01	7.99e-02
47	6.41e+01	7.76e-02
48	6.60e+01	7.99e-02
49	6.41e+01	7.76e-02
50	6.60e+01	7.99e-02
Solve failed, reducing load increment to 0.062500
0 2 32
Attempting to advance to 0.062500 of the step
[0.]
Iter	nR		nR/nR0
0	3.54e+02
1	6.41e+01	1.81e-01
2	6.56e+01	1.85e-01
3	6.46e+01	1.83e-01
4	6.56e+01	1.85e-01
5	6.46e+01	1.83e-01
6	6.56e+01	1.85e-01
7	6.46e+01	1.83e-01
8	6.56e+01	1.85e-01
9	6.46e+01	1.83e-01
10	6.56e+01	1.85e-01
11	6.46e+01	1.83e-01
12	6.56e+01	1.85e-01
13	6.46e+01	1.83e-01
14	6.56e+01	1.85e-01
15	6.46e+01	1.83e-01
16	6.56e+01	1.85e-01
17	6.46e+01	1.83e-01
18	6.56e+01	1.85e-01
19	6.46e+01	1.83e-01
20	6.56e+01	1.85e-01
21	6.46e+01	1.83e-01
22	6.56e+01	1.85e-01
23	6.46e+01	1.83e-01
24	6.56e+01	1.85e-01
25	6.46e+01	1.83e-01
26	6.56e+01	1.85e-01
27	6.46e+01	1.83e-01
28	6.56e+01	1.85e-01
29	6.46e+01	1.83e-01
30	6.56e+01	1.85e-01
31	6.46e+01	1.83e-01
32	6.56e+01	1.85e-01
33	6.46e+01	1.83e-01
34	6.56e+01	1.85e-01
35	6.46e+01	1.83e-01
36	6.56e+01	1.85e-01
37	6.46e+01	1.83e-01
38	6.56e+01	1.85e-01
39	6.46e+01	1.83e-01
40	6.56e+01	1.85e-01
41	6.46e+01	1.83e-01
42	6.56e+01	1.85e-01
43	6.46e+01	1.83e-01
44	6.56e+01	1.85e-01
45	6.46e+01	1.83e-01
46	6.56e+01	1.85e-01
47	6.46e+01	1.83e-01
48	6.56e+01	1.85e-01
49	6.46e+01	1.83e-01
50	6.56e+01	1.85e-01
Solve failed, reducing load increment to 0.031250
